-247.261600 0.000000 0.000000 83.000000 208.980000 0.000000
-239.989200 0.000000 0.000000 83.000000 208.980000 0.000000
-232.716800 0.000000 0.000000 83.000000 208.980000 0.000000
-225.444400 0.000000 0.000000 83.000000 208.980000 0.000000
-218.172000 0.000000 0.000000 83.000000 208.980000 0.000000
-210.899600 0.000000 0.000000 83.000000 208.980000 0.000000
-203.627200 0.000000 0.000000 83.000000 208.980000 0.000000
-196.354800 0.000000 0.000000 83.000000 208.980000 0.000000
-189.082400 0.000000 0.000000 83.000000 208.980000 0.000000
-181.810000 0.000000 0.000000 83.000000 208.980000 0.000000
-174.537600 0.000000 0.000000 83.000000 208.980000 0.000000
-167.265200 0.000000 0.000000 83.000000 208.980000 0.000000
-159.992800 0.000000 0.000000 83.000000 208.980000 0.000000
-152.720400 0.000000 0.000000 83.000000 208.980000 0.000000
-145.448000 0.000000 0.000000 83.000000 208.980000 0.000000
-138.175600 0.000000 0.000000 83.000000 208.980000 0.000000
-130.903200 0.000000 0.000000 83.000000 208.980000 0.000000
-123.630800 0.000000 0.000000 83.000000 208.980000 0.000000
-116.358400 0.000000 0.000000 83.000000 208.980000 0.000000
-109.086000 0.000000 0.000000 83.000000 208.980000 0.000000
-101.813600 0.000000 0.000000 83.000000 208.980000 0.000000
-94.541200 0.000000 0.000000 83.000000 208.980000 0.000000
-87.268800 0.000000 0.000000 83.000000 208.980000 0.000000
-79.996400 0.000000 0.000000 83.000000 208.980000 0.000000
-72.724000 0.000000 0.000000 83.000000 208.980000 0.000000
-65.451600 0.000000 0.000000 83.000000 208.980000 0.000000
-58.179200 0.000000 0.000000 83.000000 208.980000 0.000000
-50.906800 0.000000 0.000000 83.000000 208.980000 0.000000
-43.634400 0.000000 0.000000 83.000000 208.980000 0.000000
-36.362000 0.000000 0.000000 83.000000 208.980000 0.000000
-29.089600 0.000000 0.000000 83.000000 208.980000 0.000000
-21.817200 0.000000 0.000000 83.000000 208.980000 0.000000
-14.544800 0.000000 0.000000 83.000000 208.980000 0.000000
-7.272400 0.000000 0.000000 83.000000 208.980000 0.000000
0.000000 0.000000 0.000000 83.000000 208.980000 0.000000
7.272400 0.000000 0.000000 83.000000 208.980000 0.000000
14.544800 0.000000 0.000000 83.000000 208.980000 0.000000
21.817200 0.000000 0.000000 83.000000 208.980000 0.000000
29.089600 0.000000 0.000000 83.000000 208.980000 0.000000
36.362000 0.000000 0.000000 83.000000 208.980000 0.000000
43.634400 0.000000 0.000000 83.000000 208.980000 0.000000
50.906800 0.000000 0.000000 83.000000 208.980000 0.000000
58.179200 0.000000 0.000000 83.000000 208.980000 0.000000
65.451600 0.000000 0.000000 83.000000 208.980000 0.000000
72.724000 0.000000 0.000000 83.000000 208.980000 0.000000
79.996400 0.000000 0.000000 83.000000 208.980000 0.000000
87.268800 0.000000 0.000000 83.000000 208.980000 0.000000
94.541200 0.000000 0.000000 83.000000 208.980000 0.000000
101.813600 0.000000 0.000000 83.000000 208.980000 0.000000
109.086000 0.000000 0.000000 83.000000 208.980000 0.000000
116.358400 0.000000 0.000000 83.000000 208.980000 0.000000
123.630800 0.000000 0.000000 83.000000 208.980000 0.000000
130.903200 0.000000 0.000000 83.000000 208.980000 0.000000
138.175600 0.000000 0.000000 83.000000 208.980000 0.000000
145.448000 0.000000 0.000000 83.000000 208.980000 0.000000
152.720400 0.000000 0.000000 83.000000 208.980000 0.000000
159.992800 0.000000 0.000000 83.000000 208.980000 0.000000
167.265200 0.000000 0.000000 83.000000 208.980000 0.000000
174.537600 0.000000 0.000000 83.000000 208.980000 0.000000
181.810000 0.000000 0.000000 83.000000 208.980000 0.000000
189.082400 0.000000 0.000000 83.000000 208.980000 0.000000
196.354800 0.000000 0.000000 83.000000 208.980000 0.000000
203.627200 0.000000 0.000000 83.000000 208.980000 0.000000
210.899600 0.000000 0.000000 83.000000 208.980000 0.000000
218.172000 0.000000 0.000000 83.000000 208.980000 0.000000
225.444400 0.000000 0.000000 83.000000 208.980000 0.000000
232.716800 0.000000 0.000000 83.000000 208.980000 0.000000
239.989200 0.000000 0.000000 83.000000 208.980000 0.000000
247.261600 0.000000 0.000000 83.000000 208.980000 0.000000
-249.685733 0.000000 -1.710000 83.000000 208.980000 0.000000
-242.413333 0.000000 -1.710000 83.000000 208.980000 0.000000
-235.140933 0.000000 -1.710000 83.000000 208.980000 0.000000
-227.868533 0.000000 -1.710000 83.000000 208.980000 0.000000
-220.596133 0.000000 -1.710000 83.000000 208.980000 0.000000
-213.323733 0.000000 -1.710000 83.000000 208.980000 0.000000
-206.051333 0.000000 -1.710000 83.000000 208.980000 0.000000
-198.778933 0.000000 -1.710000 83.000000 208.980000 0.000000
-191.506533 0.000000 -1.710000 83.000000 208.980000 0.000000
-184.234133 0.000000 -1.710000 83.000000 208.980000 0.000000
-176.961733 0.000000 -1.710000 83.000000 208.980000 0.000000
-169.689333 0.000000 -1.710000 83.000000 208.980000 0.000000
-162.416933 0.000000 -1.710000 83.000000 208.980000 0.000000
-155.144533 0.000000 -1.710000 83.000000 208.980000 0.000000
-147.872133 0.000000 -1.710000 83.000000 208.980000 0.000000
-140.599733 0.000000 -1.710000 83.000000 208.980000 0.000000
-133.327333 0.000000 -1.710000 83.000000 208.980000 0.000000
-126.054933 0.000000 -1.710000 83.000000 208.980000 0.000000
-118.782533 0.000000 -1.710000 83.000000 208.980000 0.000000
-111.510133 0.000000 -1.710000 83.000000 208.980000 0.000000
-104.237733 0.000000 -1.710000 83.000000 208.980000 0.000000
-96.965333 0.000000 -1.710000 83.000000 208.980000 0.000000
-89.692933 0.000000 -1.710000 83.000000 208.980000 0.000000
-82.420533 0.000000 -1.710000 83.000000 208.980000 0.000000
-75.148133 0.000000 -1.710000 83.000000 208.980000 0.000000
-67.875733 0.000000 -1.710000 83.000000 208.980000 0.000000
-60.603333 0.000000 -1.710000 83.000000 208.980000 0.000000
-53.330933 0.000000 -1.710000 83.000000 208.980000 0.000000
-46.058533 0.000000 -1.710000 83.000000 208.980000 0.000000
-38.786133 0.000000 -1.710000 83.000000 208.980000 0.000000
-31.513733 0.000000 -1.710000 83.000000 208.980000 0.000000
-24.241333 0.000000 -1.710000 83.000000 208.980000 0.000000
-16.968933 0.000000 -1.710000 83.000000 208.980000 0.000000
-9.696533 0.000000 -1.710000 83.000000 208.980000 0.000000
-2.424133 0.000000 -1.710000 83.000000 208.980000 0.000000
4.848267 0.000000 -1.710000 83.000000 208.980000 0.000000
12.120667 0.000000 -1.710000 83.000000 208.980000 0.000000
19.393067 0.000000 -1.710000 83.000000 208.980000 0.000000
26.665467 0.000000 -1.710000 83.000000 208.980000 0.000000
33.937867 0.000000 -1.710000 83.000000 208.980000 0.000000
41.210267 0.000000 -1.710000 83.000000 208.980000 0.000000
48.482667 0.000000 -1.710000 83.000000 208.980000 0.000000
55.755067 0.000000 -1.710000 83.000000 208.980000 0.000000
63.027467 0.000000 -1.710000 83.000000 208.980000 0.000000
70.299867 0.000000 -1.710000 83.000000 208.980000 0.000000
77.572267 0.000000 -1.710000 83.000000 208.980000 0.000000
84.844667 0.000000 -1.710000 83.000000 208.980000 0.000000
92.117067 0.000000 -1.710000 83.000000 208.980000 0.000000
99.389467 0.000000 -1.710000 83.000000 208.980000 0.000000
106.661867 0.000000 -1.710000 83.000000 208.980000 0.000000
113.934267 0.000000 -1.710000 83.000000 208.980000 0.000000
121.206667 0.000000 -1.710000 83.000000 208.980000 0.000000
128.479067 0.000000 -1.710000 83.000000 208.980000 0.000000
135.751467 0.000000 -1.710000 83.000000 208.980000 0.000000
143.023867 0.000000 -1.710000 83.000000 208.980000 0.000000
150.296267 0.000000 -1.710000 83.000000 208.980000 0.000000
157.568667 0.000000 -1.710000 83.000000 208.980000 0.000000
164.841067 0.000000 -1.710000 83.000000 208.980000 0.000000
172.113467 0.000000 -1.710000 83.000000 208.980000 0.000000
179.385867 0.000000 -1.710000 83.000000 208.980000 0.000000
186.658267 0.000000 -1.710000 83.000000 208.980000 0.000000
193.930667 0.000000 -1.710000 83.000000 208.980000 0.000000
201.203067 0.000000 -1.710000 83.000000 208.980000 0.000000
208.475467 0.000000 -1.710000 83.000000 208.980000 0.000000
215.747867 0.000000 -1.710000 83.000000 208.980000 0.000000
223.020267 0.000000 -1.710000 83.000000 208.980000 0.000000
230.292667 0.000000 -1.710000 83.000000 208.980000 0.000000
237.565067 0.000000 -1.710000 83.000000 208.980000 0.000000
244.837467 0.000000 -1.710000 83.000000 208.980000 0.000000
