-247.261500 0.000000 -4.190000 34.000000 78.960000 0.000000
-240.094500 0.000000 -4.190000 34.000000 78.960000 0.000000
-232.927500 0.000000 -4.190000 34.000000 78.960000 0.000000
-225.760500 0.000000 -4.190000 34.000000 78.960000 0.000000
-218.593500 0.000000 -4.190000 34.000000 78.960000 0.000000
-211.426500 0.000000 -4.190000 34.000000 78.960000 0.000000
-204.259500 0.000000 -4.190000 34.000000 78.960000 0.000000
-197.092500 0.000000 -4.190000 34.000000 78.960000 0.000000
-189.925500 0.000000 -4.190000 34.000000 78.960000 0.000000
-182.758500 0.000000 -4.190000 34.000000 78.960000 0.000000
-175.591500 0.000000 -4.190000 34.000000 78.960000 0.000000
-168.424500 0.000000 -4.190000 34.000000 78.960000 0.000000
-161.257500 0.000000 -4.190000 34.000000 78.960000 0.000000
-154.090500 0.000000 -4.190000 34.000000 78.960000 0.000000
-146.923500 0.000000 -4.190000 34.000000 78.960000 0.000000
-139.756500 0.000000 -4.190000 34.000000 78.960000 0.000000
-132.589500 0.000000 -4.190000 34.000000 78.960000 0.000000
-125.422500 0.000000 -4.190000 34.000000 78.960000 0.000000
-118.255500 0.000000 -4.190000 34.000000 78.960000 0.000000
-111.088500 0.000000 -4.190000 34.000000 78.960000 0.000000
-103.921500 0.000000 -4.190000 34.000000 78.960000 0.000000
-96.754500 0.000000 -4.190000 34.000000 78.960000 0.000000
-89.587500 0.000000 -4.190000 34.000000 78.960000 0.000000
-82.420500 0.000000 -4.190000 34.000000 78.960000 0.000000
-75.253500 0.000000 -4.190000 34.000000 78.960000 0.000000
-68.086500 0.000000 -4.190000 34.000000 78.960000 0.000000
-60.919500 0.000000 -4.190000 34.000000 78.960000 0.000000
-53.752500 0.000000 -4.190000 34.000000 78.960000 0.000000
-46.585500 0.000000 -4.190000 34.000000 78.960000 0.000000
-39.418500 0.000000 -4.190000 34.000000 78.960000 0.000000
-32.251500 0.000000 -4.190000 34.000000 78.960000 0.000000
-25.084500 0.000000 -4.190000 34.000000 78.960000 0.000000
-17.917500 0.000000 -4.190000 34.000000 78.960000 0.000000
-10.750500 0.000000 -4.190000 34.000000 78.960000 0.000000
-3.583500 0.000000 -4.190000 34.000000 78.960000 0.000000
3.583500 0.000000 -4.190000 34.000000 78.960000 0.000000
10.750500 0.000000 -4.190000 34.000000 78.960000 0.000000
17.917500 0.000000 -4.190000 34.000000 78.960000 0.000000
25.084500 0.000000 -4.190000 34.000000 78.960000 0.000000
32.251500 0.000000 -4.190000 34.000000 78.960000 0.000000
39.418500 0.000000 -4.190000 34.000000 78.960000 0.000000
46.585500 0.000000 -4.190000 34.000000 78.960000 0.000000
53.752500 0.000000 -4.190000 34.000000 78.960000 0.000000
60.919500 0.000000 -4.190000 34.000000 78.960000 0.000000
68.086500 0.000000 -4.190000 34.000000 78.960000 0.000000
75.253500 0.000000 -4.190000 34.000000 78.960000 0.000000
82.420500 0.000000 -4.190000 34.000000 78.960000 0.000000
89.587500 0.000000 -4.190000 34.000000 78.960000 0.000000
96.754500 0.000000 -4.190000 34.000000 78.960000 0.000000
103.921500 0.000000 -4.190000 34.000000 78.960000 0.000000
111.088500 0.000000 -4.190000 34.000000 78.960000 0.000000
118.255500 0.000000 -4.190000 34.000000 78.960000 0.000000
125.422500 0.000000 -4.190000 34.000000 78.960000 0.000000
132.589500 0.000000 -4.190000 34.000000 78.960000 0.000000
139.756500 0.000000 -4.190000 34.000000 78.960000 0.000000
146.923500 0.000000 -4.190000 34.000000 78.960000 0.000000
154.090500 0.000000 -4.190000 34.000000 78.960000 0.000000
161.257500 0.000000 -4.190000 34.000000 78.960000 0.000000
168.424500 0.000000 -4.190000 34.000000 78.960000 0.000000
175.591500 0.000000 -4.190000 34.000000 78.960000 0.000000
182.758500 0.000000 -4.190000 34.000000 78.960000 0.000000
189.925500 0.000000 -4.190000 34.000000 78.960000 0.000000
197.092500 0.000000 -4.190000 34.000000 78.960000 0.000000
204.259500 0.000000 -4.190000 34.000000 78.960000 0.000000
211.426500 0.000000 -4.190000 34.000000 78.960000 0.000000
218.593500 0.000000 -4.190000 34.000000 78.960000 0.000000
225.760500 0.000000 -4.190000 34.000000 78.960000 0.000000
232.927500 0.000000 -4.190000 34.000000 78.960000 0.000000
240.094500 0.000000 -4.190000 34.000000 78.960000 0.000000
247.261500 0.000000 -4.190000 34.000000 78.960000 0.000000
-249.650500 0.000000 -5.740000 83.000000 208.980000 0.000000
-242.483500 0.000000 -5.740000 83.000000 208.980000 0.000000
-235.316500 0.000000 -5.740000 83.000000 208.980000 0.000000
-228.149500 0.000000 -5.740000 83.000000 208.980000 0.000000
-220.982500 0.000000 -5.740000 83.000000 208.980000 0.000000
-213.815500 0.000000 -5.740000 83.000000 208.980000 0.000000
-206.648500 0.000000 -5.740000 83.000000 208.980000 0.000000
-199.481500 0.000000 -5.740000 83.000000 208.980000 0.000000
-192.314500 0.000000 -5.740000 83.000000 208.980000 0.000000
-185.147500 0.000000 -5.740000 83.000000 208.980000 0.000000
-177.980500 0.000000 -5.740000 83.000000 208.980000 0.000000
-170.813500 0.000000 -5.740000 83.000000 208.980000 0.000000
-163.646500 0.000000 -5.740000 83.000000 208.980000 0.000000
-156.479500 0.000000 -5.740000 83.000000 208.980000 0.000000
-149.312500 0.000000 -5.740000 83.000000 208.980000 0.000000
-142.145500 0.000000 -5.740000 83.000000 208.980000 0.000000
-134.978500 0.000000 -5.740000 83.000000 208.980000 0.000000
-127.811500 0.000000 -5.740000 83.000000 208.980000 0.000000
-120.644500 0.000000 -5.740000 83.000000 208.980000 0.000000
-113.477500 0.000000 -5.740000 83.000000 208.980000 0.000000
-106.310500 0.000000 -5.740000 83.000000 208.980000 0.000000
-99.143500 0.000000 -5.740000 83.000000 208.980000 0.000000
-91.976500 0.000000 -5.740000 83.000000 208.980000 0.000000
-84.809500 0.000000 -5.740000 83.000000 208.980000 0.000000
-77.642500 0.000000 -5.740000 83.000000 208.980000 0.000000
-70.475500 0.000000 -5.740000 83.000000 208.980000 0.000000
-63.308500 0.000000 -5.740000 83.000000 208.980000 0.000000
-56.141500 0.000000 -5.740000 83.000000 208.980000 0.000000
-48.974500 0.000000 -5.740000 83.000000 208.980000 0.000000
-41.807500 0.000000 -5.740000 83.000000 208.980000 0.000000
-34.640500 0.000000 -5.740000 83.000000 208.980000 0.000000
-27.473500 0.000000 -5.740000 83.000000 208.980000 0.000000
-20.306500 0.000000 -5.740000 83.000000 208.980000 0.000000
-13.139500 0.000000 -5.740000 83.000000 208.980000 0.000000
-5.972500 0.000000 -5.740000 83.000000 208.980000 0.000000
1.194500 0.000000 -5.740000 83.000000 208.980000 0.000000
8.361500 0.000000 -5.740000 83.000000 208.980000 0.000000
15.528500 0.000000 -5.740000 83.000000 208.980000 0.000000
22.695500 0.000000 -5.740000 83.000000 208.980000 0.000000
29.862500 0.000000 -5.740000 83.000000 208.980000 0.000000
37.029500 0.000000 -5.740000 83.000000 208.980000 0.000000
44.196500 0.000000 -5.740000 83.000000 208.980000 0.000000
51.363500 0.000000 -5.740000 83.000000 208.980000 0.000000
58.530500 0.000000 -5.740000 83.000000 208.980000 0.000000
65.697500 0.000000 -5.740000 83.000000 208.980000 0.000000
72.864500 0.000000 -5.740000 83.000000 208.980000 0.000000
80.031500 0.000000 -5.740000 83.000000 208.980000 0.000000
87.198500 0.000000 -5.740000 83.000000 208.980000 0.000000
94.365500 0.000000 -5.740000 83.000000 208.980000 0.000000
101.532500 0.000000 -5.740000 83.000000 208.980000 0.000000
108.699500 0.000000 -5.740000 83.000000 208.980000 0.000000
115.866500 0.000000 -5.740000 83.000000 208.980000 0.000000
123.033500 0.000000 -5.740000 83.000000 208.980000 0.000000
130.200500 0.000000 -5.740000 83.000000 208.980000 0.000000
137.367500 0.000000 -5.740000 83.000000 208.980000 0.000000
144.534500 0.000000 -5.740000 83.000000 208.980000 0.000000
151.701500 0.000000 -5.740000 83.000000 208.980000 0.000000
158.868500 0.000000 -5.740000 83.000000 208.980000 0.000000
166.035500 0.000000 -5.740000 83.000000 208.980000 0.000000
173.202500 0.000000 -5.740000 83.000000 208.980000 0.000000
180.369500 0.000000 -5.740000 83.000000 208.980000 0.000000
187.536500 0.000000 -5.740000 83.000000 208.980000 0.000000
194.703500 0.000000 -5.740000 83.000000 208.980000 0.000000
201.870500 0.000000 -5.740000 83.000000 208.980000 0.000000
209.037500 0.000000 -5.740000 83.000000 208.980000 0.000000
216.204500 0.000000 -5.740000 83.000000 208.980000 0.000000
223.371500 0.000000 -5.740000 83.000000 208.980000 0.000000
230.538500 0.000000 -5.740000 83.000000 208.980000 0.000000
237.705500 0.000000 -5.740000 83.000000 208.980000 0.000000
244.872500 0.000000 -5.740000 83.000000 208.980000 0.000000
-252.039500 0.000000 -7.700000 34.000000 78.960000 0.000000
-244.872500 0.000000 -7.700000 34.000000 78.960000 0.000000
-237.705500 0.000000 -7.700000 34.000000 78.960000 0.000000
-230.538500 0.000000 -7.700000 34.000000 78.960000 0.000000
-223.371500 0.000000 -7.700000 34.000000 78.960000 0.000000
-216.204500 0.000000 -7.700000 34.000000 78.960000 0.000000
-209.037500 0.000000 -7.700000 34.000000 78.960000 0.000000
-201.870500 0.000000 -7.700000 34.000000 78.960000 0.000000
-194.703500 0.000000 -7.700000 34.000000 78.960000 0.000000
-187.536500 0.000000 -7.700000 34.000000 78.960000 0.000000
-180.369500 0.000000 -7.700000 34.000000 78.960000 0.000000
-173.202500 0.000000 -7.700000 34.000000 78.960000 0.000000
-166.035500 0.000000 -7.700000 34.000000 78.960000 0.000000
-158.868500 0.000000 -7.700000 34.000000 78.960000 0.000000
-151.701500 0.000000 -7.700000 34.000000 78.960000 0.000000
-144.534500 0.000000 -7.700000 34.000000 78.960000 0.000000
-137.367500 0.000000 -7.700000 34.000000 78.960000 0.000000
-130.200500 0.000000 -7.700000 34.000000 78.960000 0.000000
-123.033500 0.000000 -7.700000 34.000000 78.960000 0.000000
-115.866500 0.000000 -7.700000 34.000000 78.960000 0.000000
-108.699500 0.000000 -7.700000 34.000000 78.960000 0.000000
-101.532500 0.000000 -7.700000 34.000000 78.960000 0.000000
-94.365500 0.000000 -7.700000 34.000000 78.960000 0.000000
-87.198500 0.000000 -7.700000 34.000000 78.960000 0.000000
-80.031500 0.000000 -7.700000 34.000000 78.960000 0.000000
-72.864500 0.000000 -7.700000 34.000000 78.960000 0.000000
-65.697500 0.000000 -7.700000 34.000000 78.960000 0.000000
-58.530500 0.000000 -7.700000 34.000000 78.960000 0.000000
-51.363500 0.000000 -7.700000 34.000000 78.960000 0.000000
-44.196500 0.000000 -7.700000 34.000000 78.960000 0.000000
-37.029500 0.000000 -7.700000 34.000000 78.960000 0.000000
-29.862500 0.000000 -7.700000 34.000000 78.960000 0.000000
-22.695500 0.000000 -7.700000 34.000000 78.960000 0.000000
-15.528500 0.000000 -7.700000 34.000000 78.960000 0.000000
-8.361500 0.000000 -7.700000 34.000000 78.960000 0.000000
-1.194500 0.000000 -7.700000 34.000000 78.960000 0.000000
5.972500 0.000000 -7.700000 34.000000 78.960000 0.000000
13.139500 0.000000 -7.700000 34.000000 78.960000 0.000000
20.306500 0.000000 -7.700000 34.000000 78.960000 0.000000
27.473500 0.000000 -7.700000 34.000000 78.960000 0.000000
34.640500 0.000000 -7.700000 34.000000 78.960000 0.000000
41.807500 0.000000 -7.700000 34.000000 78.960000 0.000000
48.974500 0.000000 -7.700000 34.000000 78.960000 0.000000
56.141500 0.000000 -7.700000 34.000000 78.960000 0.000000
63.308500 0.000000 -7.700000 34.000000 78.960000 0.000000
70.475500 0.000000 -7.700000 34.000000 78.960000 0.000000
77.642500 0.000000 -7.700000 34.000000 78.960000 0.000000
84.809500 0.000000 -7.700000 34.000000 78.960000 0.000000
91.976500 0.000000 -7.700000 34.000000 78.960000 0.000000
99.143500 0.000000 -7.700000 34.000000 78.960000 0.000000
106.310500 0.000000 -7.700000 34.000000 78.960000 0.000000
113.477500 0.000000 -7.700000 34.000000 78.960000 0.000000
120.644500 0.000000 -7.700000 34.000000 78.960000 0.000000
127.811500 0.000000 -7.700000 34.000000 78.960000 0.000000
134.978500 0.000000 -7.700000 34.000000 78.960000 0.000000
142.145500 0.000000 -7.700000 34.000000 78.960000 0.000000
149.312500 0.000000 -7.700000 34.000000 78.960000 0.000000
156.479500 0.000000 -7.700000 34.000000 78.960000 0.000000
163.646500 0.000000 -7.700000 34.000000 78.960000 0.000000
170.813500 0.000000 -7.700000 34.000000 78.960000 0.000000
177.980500 0.000000 -7.700000 34.000000 78.960000 0.000000
185.147500 0.000000 -7.700000 34.000000 78.960000 0.000000
192.314500 0.000000 -7.700000 34.000000 78.960000 0.000000
199.481500 0.000000 -7.700000 34.000000 78.960000 0.000000
206.648500 0.000000 -7.700000 34.000000 78.960000 0.000000
213.815500 0.000000 -7.700000 34.000000 78.960000 0.000000
220.982500 0.000000 -7.700000 34.000000 78.960000 0.000000
228.149500 0.000000 -7.700000 34.000000 78.960000 0.000000
235.316500 0.000000 -7.700000 34.000000 78.960000 0.000000
242.483500 0.000000 -7.700000 34.000000 78.960000 0.000000
-247.261500 0.000000 -9.710000 83.000000 208.980000 0.000000
-240.094500 0.000000 -9.710000 83.000000 208.980000 0.000000
-232.927500 0.000000 -9.710000 83.000000 208.980000 0.000000
-225.760500 0.000000 -9.710000 83.000000 208.980000 0.000000
-218.593500 0.000000 -9.710000 83.000000 208.980000 0.000000
-211.426500 0.000000 -9.710000 83.000000 208.980000 0.000000
-204.259500 0.000000 -9.710000 83.000000 208.980000 0.000000
-197.092500 0.000000 -9.710000 83.000000 208.980000 0.000000
-189.925500 0.000000 -9.710000 83.000000 208.980000 0.000000
-182.758500 0.000000 -9.710000 83.000000 208.980000 0.000000
-175.591500 0.000000 -9.710000 83.000000 208.980000 0.000000
-168.424500 0.000000 -9.710000 83.000000 208.980000 0.000000
-161.257500 0.000000 -9.710000 83.000000 208.980000 0.000000
-154.090500 0.000000 -9.710000 83.000000 208.980000 0.000000
-146.923500 0.000000 -9.710000 83.000000 208.980000 0.000000
-139.756500 0.000000 -9.710000 83.000000 208.980000 0.000000
-132.589500 0.000000 -9.710000 83.000000 208.980000 0.000000
-125.422500 0.000000 -9.710000 83.000000 208.980000 0.000000
-118.255500 0.000000 -9.710000 83.000000 208.980000 0.000000
-111.088500 0.000000 -9.710000 83.000000 208.980000 0.000000
-103.921500 0.000000 -9.710000 83.000000 208.980000 0.000000
-96.754500 0.000000 -9.710000 83.000000 208.980000 0.000000
-89.587500 0.000000 -9.710000 83.000000 208.980000 0.000000
-82.420500 0.000000 -9.710000 83.000000 208.980000 0.000000
-75.253500 0.000000 -9.710000 83.000000 208.980000 0.000000
-68.086500 0.000000 -9.710000 83.000000 208.980000 0.000000
-60.919500 0.000000 -9.710000 83.000000 208.980000 0.000000
-53.752500 0.000000 -9.710000 83.000000 208.980000 0.000000
-46.585500 0.000000 -9.710000 83.000000 208.980000 0.000000
-39.418500 0.000000 -9.710000 83.000000 208.980000 0.000000
-32.251500 0.000000 -9.710000 83.000000 208.980000 0.000000
-25.084500 0.000000 -9.710000 83.000000 208.980000 0.000000
-17.917500 0.000000 -9.710000 83.000000 208.980000 0.000000
-10.750500 0.000000 -9.710000 83.000000 208.980000 0.000000
-3.583500 0.000000 -9.710000 83.000000 208.980000 0.000000
3.583500 0.000000 -9.710000 83.000000 208.980000 0.000000
10.750500 0.000000 -9.710000 83.000000 208.980000 0.000000
17.917500 0.000000 -9.710000 83.000000 208.980000 0.000000
25.084500 0.000000 -9.710000 83.000000 208.980000 0.000000
32.251500 0.000000 -9.710000 83.000000 208.980000 0.000000
39.418500 0.000000 -9.710000 83.000000 208.980000 0.000000
46.585500 0.000000 -9.710000 83.000000 208.980000 0.000000
53.752500 0.000000 -9.710000 83.000000 208.980000 0.000000
60.919500 0.000000 -9.710000 83.000000 208.980000 0.000000
68.086500 0.000000 -9.710000 83.000000 208.980000 0.000000
75.253500 0.000000 -9.710000 83.000000 208.980000 0.000000
82.420500 0.000000 -9.710000 83.000000 208.980000 0.000000
89.587500 0.000000 -9.710000 83.000000 208.980000 0.000000
96.754500 0.000000 -9.710000 83.000000 208.980000 0.000000
103.921500 0.000000 -9.710000 83.000000 208.980000 0.000000
111.088500 0.000000 -9.710000 83.000000 208.980000 0.000000
118.255500 0.000000 -9.710000 83.000000 208.980000 0.000000
125.422500 0.000000 -9.710000 83.000000 208.980000 0.000000
132.589500 0.000000 -9.710000 83.000000 208.980000 0.000000
139.756500 0.000000 -9.710000 83.000000 208.980000 0.000000
146.923500 0.000000 -9.710000 83.000000 208.980000 0.000000
154.090500 0.000000 -9.710000 83.000000 208.980000 0.000000
161.257500 0.000000 -9.710000 83.000000 208.980000 0.000000
168.424500 0.000000 -9.710000 83.000000 208.980000 0.000000
175.591500 0.000000 -9.710000 83.000000 208.980000 0.000000
182.758500 0.000000 -9.710000 83.000000 208.980000 0.000000
189.925500 0.000000 -9.710000 83.000000 208.980000 0.000000
197.092500 0.000000 -9.710000 83.000000 208.980000 0.000000
204.259500 0.000000 -9.710000 83.000000 208.980000 0.000000
211.426500 0.000000 -9.710000 83.000000 208.980000 0.000000
218.593500 0.000000 -9.710000 83.000000 208.980000 0.000000
225.760500 0.000000 -9.710000 83.000000 208.980000 0.000000
232.927500 0.000000 -9.710000 83.000000 208.980000 0.000000
240.094500 0.000000 -9.710000 83.000000 208.980000 0.000000
247.261500 0.000000 -9.710000 83.000000 208.980000 0.000000
-249.650500 0.000000 -11.240000 34.000000 78.960000 0.000000
-242.483500 0.000000 -11.240000 34.000000 78.960000 0.000000
-235.316500 0.000000 -11.240000 34.000000 78.960000 0.000000
-228.149500 0.000000 -11.240000 34.000000 78.960000 0.000000
-220.982500 0.000000 -11.240000 34.000000 78.960000 0.000000
-213.815500 0.000000 -11.240000 34.000000 78.960000 0.000000
-206.648500 0.000000 -11.240000 34.000000 78.960000 0.000000
-199.481500 0.000000 -11.240000 34.000000 78.960000 0.000000
-192.314500 0.000000 -11.240000 34.000000 78.960000 0.000000
-185.147500 0.000000 -11.240000 34.000000 78.960000 0.000000
-177.980500 0.000000 -11.240000 34.000000 78.960000 0.000000
-170.813500 0.000000 -11.240000 34.000000 78.960000 0.000000
-163.646500 0.000000 -11.240000 34.000000 78.960000 0.000000
-156.479500 0.000000 -11.240000 34.000000 78.960000 0.000000
-149.312500 0.000000 -11.240000 34.000000 78.960000 0.000000
-142.145500 0.000000 -11.240000 34.000000 78.960000 0.000000
-134.978500 0.000000 -11.240000 34.000000 78.960000 0.000000
-127.811500 0.000000 -11.240000 34.000000 78.960000 0.000000
-120.644500 0.000000 -11.240000 34.000000 78.960000 0.000000
-113.477500 0.000000 -11.240000 34.000000 78.960000 0.000000
-106.310500 0.000000 -11.240000 34.000000 78.960000 0.000000
-99.143500 0.000000 -11.240000 34.000000 78.960000 0.000000
-91.976500 0.000000 -11.240000 34.000000 78.960000 0.000000
-84.809500 0.000000 -11.240000 34.000000 78.960000 0.000000
-77.642500 0.000000 -11.240000 34.000000 78.960000 0.000000
-70.475500 0.000000 -11.240000 34.000000 78.960000 0.000000
-63.308500 0.000000 -11.240000 34.000000 78.960000 0.000000
-56.141500 0.000000 -11.240000 34.000000 78.960000 0.000000
-48.974500 0.000000 -11.240000 34.000000 78.960000 0.000000
-41.807500 0.000000 -11.240000 34.000000 78.960000 0.000000
-34.640500 0.000000 -11.240000 34.000000 78.960000 0.000000
-27.473500 0.000000 -11.240000 34.000000 78.960000 0.000000
-20.306500 0.000000 -11.240000 34.000000 78.960000 0.000000
-13.139500 0.000000 -11.240000 34.000000 78.960000 0.000000
-5.972500 0.000000 -11.240000 34.000000 78.960000 0.000000
1.194500 0.000000 -11.240000 34.000000 78.960000 0.000000
8.361500 0.000000 -11.240000 34.000000 78.960000 0.000000
15.528500 0.000000 -11.240000 34.000000 78.960000 0.000000
22.695500 0.000000 -11.240000 34.000000 78.960000 0.000000
29.862500 0.000000 -11.240000 34.000000 78.960000 0.000000
37.029500 0.000000 -11.240000 34.000000 78.960000 0.000000
44.196500 0.000000 -11.240000 34.000000 78.960000 0.000000
51.363500 0.000000 -11.240000 34.000000 78.960000 0.000000
58.530500 0.000000 -11.240000 34.000000 78.960000 0.000000
65.697500 0.000000 -11.240000 34.000000 78.960000 0.000000
72.864500 0.000000 -11.240000 34.000000 78.960000 0.000000
80.031500 0.000000 -11.240000 34.000000 78.960000 0.000000
87.198500 0.000000 -11.240000 34.000000 78.960000 0.000000
94.365500 0.000000 -11.240000 34.000000 78.960000 0.000000
101.532500 0.000000 -11.240000 34.000000 78.960000 0.000000
108.699500 0.000000 -11.240000 34.000000 78.960000 0.000000
115.866500 0.000000 -11.240000 34.000000 78.960000 0.000000
123.033500 0.000000 -11.240000 34.000000 78.960000 0.000000
130.200500 0.000000 -11.240000 34.000000 78.960000 0.000000
137.367500 0.000000 -11.240000 34.000000 78.960000 0.000000
144.534500 0.000000 -11.240000 34.000000 78.960000 0.000000
151.701500 0.000000 -11.240000 34.000000 78.960000 0.000000
158.868500 0.000000 -11.240000 34.000000 78.960000 0.000000
166.035500 0.000000 -11.240000 34.000000 78.960000 0.000000
173.202500 0.000000 -11.240000 34.000000 78.960000 0.000000
180.369500 0.000000 -11.240000 34.000000 78.960000 0.000000
187.536500 0.000000 -11.240000 34.000000 78.960000 0.000000
194.703500 0.000000 -11.240000 34.000000 78.960000 0.000000
201.870500 0.000000 -11.240000 34.000000 78.960000 0.000000
209.037500 0.000000 -11.240000 34.000000 78.960000 0.000000
216.204500 0.000000 -11.240000 34.000000 78.960000 0.000000
223.371500 0.000000 -11.240000 34.000000 78.960000 0.000000
230.538500 0.000000 -11.240000 34.000000 78.960000 0.000000
237.705500 0.000000 -11.240000 34.000000 78.960000 0.000000
244.872500 0.000000 -11.240000 34.000000 78.960000 0.000000
