     1.25062      0.02426    -11.13894   49 114.81800   0   
    -3.02031      0.02426    -11.13894   49 114.81800   0   
     3.38608     -4.24667    -12.64894   33 74.92159   0   
    -0.88484     -4.24667    -12.64894   33 74.92159   0   
     3.38608      0.02426    -12.64894   33 74.92159   0   
    -0.88484      0.02426    -12.64894   33 74.92159   0   
     2.51240     -4.19355     -0.01183   33 74.92159   0   
     0.00215     -4.19525     -0.00929   33 74.92159   0   
     2.51093      0.00269     -0.00430   33 74.92159   0   
     0.00000      0.00000      0.00000   33 74.92159   0   
     3.25037     -5.74516     -1.99659   49 114.81800   0   
    -0.72985     -5.75074     -1.99341   49 114.81800   0   
     3.14279     -2.09353     -1.67406   49 114.81800   0   
    -0.63064     -2.09498     -1.67174   49 114.81800   0   
     1.26156     -6.49858     -3.55016   33 74.92159   0   
    -3.01426     -6.40032     -3.23081   33 74.92159   0   
     1.25549     -2.09130     -3.55485   33 74.92159   0   
    -3.01276     -2.09687     -3.05995   33 74.92159   0   
     1.25572     -4.27083     -5.05330   49 114.81800   0   
    -3.01289     -4.18067     -4.80025   49 114.81800   0   
     1.25452      0.08437     -5.06129   49 114.81800   0   
    -3.01448     -0.00926     -4.79128   49 114.81800   0   
     3.45929     -4.24183     -6.52285   33 74.92159   0   
    -0.94764     -4.24298     -6.52599   33 74.92159   0   
     3.46132      0.02491     -6.52229   33 74.92159   0   
    -0.95318      0.02568     -6.52572   33 74.92159   0   
     3.38608     -6.38213     -8.11894   49 114.81800   0   
    -0.88484     -6.38213     -8.11894   49 114.81800   0   
     3.38608     -2.11121     -8.11894   49 114.81800   0   
    -0.88484     -2.11121     -8.11894   49 114.81800   0   
     1.25062     -6.38213     -9.62894   33 74.92159   0   
    -3.02031     -6.38213     -9.62894   33 74.92159   0   
     1.25062     -2.11121     -9.62894   33 74.92159   0   
    -3.02031     -2.11121     -9.62894   33 74.92159   0   
     1.25062     -4.24667    -11.13894   49 114.81800   0   
    -3.02031     -4.24667    -11.13894   49 114.81800   0   
     1.25062      8.56611    -11.13894   49 114.81800   0   
    -3.02031      8.56611    -11.13894   49 114.81800   0   
     3.38608      4.29518    -12.64894   33 74.92159   0   
    -0.88484      4.29518    -12.64894   33 74.92159   0   
     3.38608      8.56611    -12.64894   33 74.92159   0   
    -0.88484      8.56611    -12.64894   33 74.92159   0   
     3.23657      1.55420     -1.99302   49 114.81800   0   
    -0.73204      1.55498     -1.98446   49 114.81800   0   
     1.25133      2.30627     -3.55241   33 74.92159   0   
    -3.01929      2.20434     -3.21728   33 74.92159   0   
     0.37938      6.44902     -3.17127   33 74.92159   0   
    -2.12929      6.43562     -3.12741   33 74.92159   0   
     1.15112      4.61570     -4.97326   49 114.81800   0   
    -2.93378      4.50800     -4.83619   49 114.81800   0   
     1.15091      8.28087     -4.97506   49 114.81800   0   
    -2.93691      8.36088     -4.83379   49 114.81800   0   
     3.40413      4.32941     -6.43005   33 74.92159   0   
    -0.92696      4.26998     -6.58351   33 74.92159   0   
     3.40517      8.53342     -6.43115   33 74.92159   0   
    -0.93084      8.59202     -6.58250   33 74.92159   0   
     3.38608      2.15972     -8.11894   49 114.81800   0   
    -0.88484      2.15972     -8.11894   49 114.81800   0   
     3.38608      6.43064     -8.11894   49 114.81800   0   
    -0.88484      6.43064     -8.11894   49 114.81800   0   
     1.25062      2.15972     -9.62894   33 74.92159   0   
    -3.02031      2.15972     -9.62894   33 74.92159   0   
     1.25062      6.43064     -9.62894   33 74.92159   0   
    -3.02031      6.43064     -9.62894   33 74.92159   0   
     1.25062      4.29518    -11.13894   49 114.81800   0   
    -3.02031      4.29518    -11.13894   49 114.81800   0   
