    -0.02426      1.25062    -11.13894   49 114.81800   0   
    -0.02426     -3.02031    -11.13894   49 114.81800   0   
     4.24667      3.38608    -12.64894   33 74.92159   0   
     4.24667     -0.88484    -12.64894   33 74.92159   0   
    -0.02426      3.38608    -12.64894   33 74.92159   0   
    -0.02426     -0.88484    -12.64894   33 74.92159   0   
     4.19355      2.51240     -0.01183   33 74.92159   0   
     4.19525      0.00215     -0.00929   33 74.92159   0   
    -0.00269      2.51093     -0.00430   33 74.92159   0   
     0.00000      0.00000      0.00000   33 74.92159   0   
     5.74516      3.25037     -1.99659   49 114.81800   0   
     5.75074     -0.72985     -1.99341   49 114.81800   0   
     2.09353      3.14279     -1.67406   49 114.81800   0   
     2.09498     -0.63064     -1.67174   49 114.81800   0   
     6.49858      1.26156     -3.55016   33 74.92159   0   
     6.40032     -3.01426     -3.23081   33 74.92159   0   
     2.09130      1.25549     -3.55485   33 74.92159   0   
     2.09687     -3.01276     -3.05995   33 74.92159   0   
     4.27083      1.25572     -5.05330   49 114.81800   0   
     4.18067     -3.01289     -4.80025   49 114.81800   0   
    -0.08437      1.25452     -5.06129   49 114.81800   0   
     0.00926     -3.01448     -4.79128   49 114.81800   0   
     4.24183      3.45929     -6.52285   33 74.92159   0   
     4.24298     -0.94764     -6.52599   33 74.92159   0   
    -0.02491      3.46132     -6.52229   33 74.92159   0   
    -0.02568     -0.95318     -6.52572   33 74.92159   0   
     6.38213      3.38608     -8.11894   49 114.81800   0   
     6.38213     -0.88484     -8.11894   49 114.81800   0   
     2.11121      3.38608     -8.11894   49 114.81800   0   
     2.11121     -0.88484     -8.11894   49 114.81800   0   
     6.38213      1.25062     -9.62894   33 74.92159   0   
     6.38213     -3.02031     -9.62894   33 74.92159   0   
     2.11121      1.25062     -9.62894   33 74.92159   0   
     2.11121     -3.02031     -9.62894   33 74.92159   0   
     4.24667      1.25062    -11.13894   49 114.81800   0   
     4.24667     -3.02031    -11.13894   49 114.81800   0   
    -8.56611      1.25062    -11.13894   49 114.81800   0   
    -8.56611     -3.02031    -11.13894   49 114.81800   0   
    -4.29518      3.38608    -12.64894   33 74.92159   0   
    -4.29518     -0.88484    -12.64894   33 74.92159   0   
    -8.56611      3.38608    -12.64894   33 74.92159   0   
    -8.56611     -0.88484    -12.64894   33 74.92159   0   
    -1.55420      3.23657     -1.99302   49 114.81800   0   
    -1.55498     -0.73204     -1.98446   49 114.81800   0   
    -2.30627      1.25133     -3.55241   33 74.92159   0   
    -2.20434     -3.01929     -3.21728   33 74.92159   0   
    -6.44902      0.37938     -3.17127   33 74.92159   0   
    -6.43562     -2.12929     -3.12741   33 74.92159   0   
    -4.61570      1.15112     -4.97326   49 114.81800   0   
    -4.50800     -2.93378     -4.83619   49 114.81800   0   
    -8.28087      1.15091     -4.97506   49 114.81800   0   
    -8.36088     -2.93691     -4.83379   49 114.81800   0   
    -4.32941      3.40413     -6.43005   33 74.92159   0   
    -4.26998     -0.92696     -6.58351   33 74.92159   0   
    -8.53342      3.40517     -6.43115   33 74.92159   0   
    -8.59202     -0.93084     -6.58250   33 74.92159   0   
    -2.15972      3.38608     -8.11894   49 114.81800   0   
    -2.15972     -0.88484     -8.11894   49 114.81800   0   
    -6.43064      3.38608     -8.11894   49 114.81800   0   
    -6.43064     -0.88484     -8.11894   49 114.81800   0   
    -2.15972      1.25062     -9.62894   33 74.92159   0   
    -2.15972     -3.02031     -9.62894   33 74.92159   0   
    -6.43064      1.25062     -9.62894   33 74.92159   0   
    -6.43064     -3.02031     -9.62894   33 74.92159   0   
    -4.29518      1.25062    -11.13894   49 114.81800   0   
    -4.29518     -3.02031    -11.13894   49 114.81800   0   
