    -4.26590     -2.27750      0.00000   33 74.92159   0   
    -4.25654      2.24968     -0.01013   33 74.92159   0   
    -0.01422     -2.27430     -0.00589   33 74.92159   0   
    -0.01541      2.24689     -0.01370   33 74.92159   0   
    -4.27514     -8.55219      0.40268   49 114.81800   0   
    -0.00585     -8.55219      0.40268   49 114.81800   0   
    -2.13867     -3.91204     -0.51458   49 114.81800   0   
    -2.13222     -0.00643     -1.03772   49 114.81800   0   
    -2.13517      3.88474     -0.54204   49 114.81800   0   
     2.12989     -4.00769     -0.18183   49 114.81800   0   
     2.13760      0.00000      0.40268   49 114.81800   0   
     2.13386      3.97622     -0.19068   49 114.81800   0   
    -2.13831     -6.50924     -0.77421   33 74.92159   0   
    -2.13707      6.48101     -0.78036   33 74.92159   0   
     2.13292     -6.57118     -0.71185   33 74.92159   0   
     2.13463      6.54150     -0.70977   33 74.92159   0   
    -4.29912     -6.44360     -2.37650   49 114.81800   0   
     0.60482     -2.21241     -2.66398   49 114.81800   0   
     0.61148      2.17891     -2.67024   49 114.81800   0   
    -4.30086      6.41427     -2.38020   49 114.81800   0   
     0.02357     -6.44508     -2.37532   49 114.81800   0   
     3.65513     -2.20921     -2.65804   49 114.81800   0   
     3.65243      2.17697     -2.66579   49 114.81800   0   
     0.02808      6.41682     -2.37758   49 114.81800   0   
    -4.27514     -8.55255     -4.07209   33 74.92159   0   
    -4.27891     -4.34971     -4.10405   33 74.92159   0   
    -4.25496     -0.01771     -4.02161   33 74.92159   0   
    -4.27773      4.32017     -4.10504   33 74.92159   0   
    -0.00585     -8.55219     -4.07298   33 74.92159   0   
    -0.00024     -4.35425     -4.10647   33 74.92159   0   
    -0.02539     -0.01770     -4.02420   33 74.92159   0   
     0.00000      4.32357     -4.10599   33 74.92159   0   
    -2.14033     -8.55383     -5.69805   49 114.81800   0   
    -2.14033     -4.28291     -5.69805   49 114.81800   0   
    -2.14033     -0.01198     -5.69805   49 114.81800   0   
    -2.14033      4.25895     -5.69805   49 114.81800   0   
     2.13060     -8.55383     -5.69805   49 114.81800   0   
     2.13060     -4.28291     -5.69805   49 114.81800   0   
     2.13060     -0.01198     -5.69805   49 114.81800   0   
     2.13060      4.25895     -5.69805   49 114.81800   0   
    -2.14033     -6.41837     -7.20805   33 74.92159   0   
    -2.14033     -2.14744     -7.20805   33 74.92159   0   
    -2.14033      2.12348     -7.20805   33 74.92159   0   
    -2.14033      6.39441     -7.20805   33 74.92159   0   
     2.13060     -6.41837     -7.20805   33 74.92159   0   
     2.13060     -2.14744     -7.20805   33 74.92159   0   
     2.13060      2.12348     -7.20805   33 74.92159   0   
     2.13060      6.39441     -7.20805   33 74.92159   0   
    -4.27579     -6.41837     -8.71805   49 114.81800   0   
    -4.27579     -2.14744     -8.71805   49 114.81800   0   
    -4.27579      2.12348     -8.71805   49 114.81800   0   
    -4.27579      6.39441     -8.71805   49 114.81800   0   
    -0.00487     -6.41837     -8.71805   49 114.81800   0   
    -0.00487     -2.14744     -8.71805   49 114.81800   0   
    -0.00487      2.12348     -8.71805   49 114.81800   0   
    -0.00487      6.39441     -8.71805   49 114.81800   0   
    -4.27579     -8.55383    -10.22805   33 74.92159   0   
    -4.27579     -4.28291    -10.22805   33 74.92159   0   
    -4.27579     -0.01198    -10.22805   33 74.92159   0   
    -4.27579      4.25895    -10.22805   33 74.92159   0   
    -0.00487     -8.55383    -10.22805   33 74.92159   0   
    -0.00487     -4.28291    -10.22805   33 74.92159   0   
    -0.00487     -0.01198    -10.22805   33 74.92159   0   
    -0.00487      4.25895    -10.22805   33 74.92159   0   
