     2.27750     -4.26590      0.00000   33 74.92159   0   
    -2.24968     -4.25654     -0.01013   33 74.92159   0   
     2.27430     -0.01422     -0.00589   33 74.92159   0   
    -2.24689     -0.01541     -0.01370   33 74.92159   0   
     8.55219     -4.27514      0.40268   49 114.81800   0   
     8.55219     -0.00585      0.40268   49 114.81800   0   
     3.91204     -2.13867     -0.51458   49 114.81800   0   
     0.00643     -2.13222     -1.03772   49 114.81800   0   
    -3.88474     -2.13517     -0.54204   49 114.81800   0   
     4.00769      2.12989     -0.18183   49 114.81800   0   
     0.00000      2.13760      0.40268   49 114.81800   0   
    -3.97622      2.13386     -0.19068   49 114.81800   0   
     6.50924     -2.13831     -0.77421   33 74.92159   0   
    -6.48101     -2.13707     -0.78036   33 74.92159   0   
     6.57118      2.13292     -0.71185   33 74.92159   0   
    -6.54150      2.13463     -0.70977   33 74.92159   0   
     6.44360     -4.29912     -2.37650   49 114.81800   0   
     2.21241      0.60482     -2.66398   49 114.81800   0   
    -2.17891      0.61148     -2.67024   49 114.81800   0   
    -6.41427     -4.30086     -2.38020   49 114.81800   0   
     6.44508      0.02357     -2.37532   49 114.81800   0   
     2.20921      3.65513     -2.65804   49 114.81800   0   
    -2.17697      3.65243     -2.66579   49 114.81800   0   
    -6.41682      0.02808     -2.37758   49 114.81800   0   
     8.55255     -4.27514     -4.07209   33 74.92159   0   
     4.34971     -4.27891     -4.10405   33 74.92159   0   
     0.01771     -4.25496     -4.02161   33 74.92159   0   
    -4.32017     -4.27773     -4.10504   33 74.92159   0   
     8.55219     -0.00585     -4.07298   33 74.92159   0   
     4.35425     -0.00024     -4.10647   33 74.92159   0   
     0.01770     -0.02539     -4.02420   33 74.92159   0   
    -4.32357      0.00000     -4.10599   33 74.92159   0   
     8.55383     -2.14033     -5.69805   49 114.81800   0   
     4.28291     -2.14033     -5.69805   49 114.81800   0   
     0.01198     -2.14033     -5.69805   49 114.81800   0   
    -4.25895     -2.14033     -5.69805   49 114.81800   0   
     8.55383      2.13060     -5.69805   49 114.81800   0   
     4.28291      2.13060     -5.69805   49 114.81800   0   
     0.01198      2.13060     -5.69805   49 114.81800   0   
    -4.25895      2.13060     -5.69805   49 114.81800   0   
     6.41837     -2.14033     -7.20805   33 74.92159   0   
     2.14744     -2.14033     -7.20805   33 74.92159   0   
    -2.12348     -2.14033     -7.20805   33 74.92159   0   
    -6.39441     -2.14033     -7.20805   33 74.92159   0   
     6.41837      2.13060     -7.20805   33 74.92159   0   
     2.14744      2.13060     -7.20805   33 74.92159   0   
    -2.12348      2.13060     -7.20805   33 74.92159   0   
    -6.39441      2.13060     -7.20805   33 74.92159   0   
     6.41837     -4.27579     -8.71805   49 114.81800   0   
     2.14744     -4.27579     -8.71805   49 114.81800   0   
    -2.12348     -4.27579     -8.71805   49 114.81800   0   
    -6.39441     -4.27579     -8.71805   49 114.81800   0   
     6.41837     -0.00487     -8.71805   49 114.81800   0   
     2.14744     -0.00487     -8.71805   49 114.81800   0   
    -2.12348     -0.00487     -8.71805   49 114.81800   0   
    -6.39441     -0.00487     -8.71805   49 114.81800   0   
     8.55383     -4.27579    -10.22805   33 74.92159   0   
     4.28291     -4.27579    -10.22805   33 74.92159   0   
     0.01198     -4.27579    -10.22805   33 74.92159   0   
    -4.25895     -4.27579    -10.22805   33 74.92159   0   
     8.55383     -0.00487    -10.22805   33 74.92159   0   
     4.28291     -0.00487    -10.22805   33 74.92159   0   
     0.01198     -0.00487    -10.22805   33 74.92159   0   
    -4.25895     -0.00487    -10.22805   33 74.92159   0   
