,x,y,z,Z,m,f,count,sum,perc
0,1.25062,0.02426,-11.13894,49,114.818,0,0.0,2661.0,0.0
1,-3.02031,0.02426,-11.13894,49,114.818,0,0.0,2661.0,0.0
2,3.38608,-4.24667,-12.64894,33,74.92159000000001,0,0.0,2234.0,0.0
3,-0.88484,-4.24667,-12.64894,33,74.92159000000001,0,0.0,2234.0,0.0
4,3.38608,0.02426,-12.64894,33,74.92159000000001,0,0.0,2234.0,0.0
5,-0.88484,0.02426,-12.64894,33,74.92159000000001,0,0.0,2234.0,0.0
6,2.5124,-4.19355,-0.01183,33,74.92159000000001,0,197.0,2234.0,0.088
7,0.00215,-4.19525,-0.009290000000000001,33,74.92159000000001,0,220.0,2234.0,0.098
8,2.51093,0.0026899999999999997,-0.0043,33,74.92159000000001,0,190.0,2234.0,0.085
9,0.0,0.0,0.0,33,74.92159000000001,0,243.0,2234.0,0.109
10,3.25037,-5.74516,-1.99659,49,114.818,0,248.0,2661.0,0.093
11,-0.72985,-5.75074,-1.99341,49,114.818,0,228.0,2661.0,0.086
12,3.14279,-2.09353,-1.6740599999999999,49,114.818,0,243.0,2661.0,0.091
13,-0.63064,-2.09498,-1.6717400000000002,49,114.818,0,282.0,2661.0,0.106
14,1.26156,-6.4985800000000005,-3.55016,33,74.92159000000001,0,176.0,2234.0,0.079
15,-3.0142599999999997,-6.40032,-3.23081,33,74.92159000000001,0,148.0,2234.0,0.066
16,1.25549,-2.0913,-3.55485,33,74.92159000000001,0,105.0,2234.0,0.047
17,-3.0127599999999997,-2.09687,-3.05995,33,74.92159000000001,0,57.0,2234.0,0.026
18,1.2557200000000002,-4.27083,-5.0533,49,114.818,0,60.0,2661.0,0.023
19,-3.01289,-4.18067,-4.80025,49,114.818,0,86.0,2661.0,0.032
20,1.25452,0.08437,-5.0612900000000005,49,114.818,0,39.0,2661.0,0.015
21,-3.01448,-0.00926,-4.79128,49,114.818,0,86.0,2661.0,0.032
22,3.45929,-4.24183,-6.52285,33,74.92159000000001,0,45.0,2234.0,0.02
23,-0.9476399999999999,-4.24298,-6.52599,33,74.92159000000001,0,20.0,2234.0,0.009
24,3.4613199999999997,0.024909999999999998,-6.52229,33,74.92159000000001,0,36.0,2234.0,0.016
25,-0.9531799999999999,0.02568,-6.52572,33,74.92159000000001,0,28.0,2234.0,0.013
26,3.38608,-6.38213,-8.11894,49,114.818,0,13.0,2661.0,0.005
27,-0.88484,-6.38213,-8.11894,49,114.818,0,10.0,2661.0,0.004
28,3.38608,-2.11121,-8.11894,49,114.818,0,0.0,2661.0,0.0
29,-0.88484,-2.11121,-8.11894,49,114.818,0,0.0,2661.0,0.0
30,1.25062,-6.38213,-9.62894,33,74.92159000000001,0,0.0,2234.0,0.0
31,-3.02031,-6.38213,-9.62894,33,74.92159000000001,0,0.0,2234.0,0.0
32,1.25062,-2.11121,-9.62894,33,74.92159000000001,0,0.0,2234.0,0.0
33,-3.02031,-2.11121,-9.62894,33,74.92159000000001,0,0.0,2234.0,0.0
34,1.25062,-4.24667,-11.13894,49,114.818,0,0.0,2661.0,0.0
35,-3.02031,-4.24667,-11.13894,49,114.818,0,0.0,2661.0,0.0
36,1.25062,8.56611,-11.13894,49,114.818,0,0.0,2661.0,0.0
37,-3.02031,8.56611,-11.13894,49,114.818,0,0.0,2661.0,0.0
38,3.38608,4.29518,-12.64894,33,74.92159000000001,0,0.0,2234.0,0.0
39,-0.88484,4.29518,-12.64894,33,74.92159000000001,0,0.0,2234.0,0.0
40,3.38608,8.56611,-12.64894,33,74.92159000000001,0,0.0,2234.0,0.0
41,-0.88484,8.56611,-12.64894,33,74.92159000000001,0,0.0,2234.0,0.0
42,3.23657,1.5542,-1.99302,49,114.818,0,235.0,2661.0,0.088
43,-0.7320399999999999,1.55498,-1.98446,49,114.818,0,223.0,2661.0,0.084
44,1.2513299999999998,2.30627,-3.55241,33,74.92159000000001,0,162.0,2234.0,0.073
45,-3.0192900000000003,2.20434,-3.21728,33,74.92159000000001,0,145.0,2234.0,0.065
46,0.37938,6.44902,-3.1712700000000003,33,74.92159000000001,0,159.0,2234.0,0.071
47,-2.12929,6.43562,-3.12741,33,74.92159000000001,0,196.0,2234.0,0.088
48,1.1511200000000001,4.6157,-4.97326,49,114.818,0,181.0,2661.0,0.068
49,-2.93378,4.508,-4.83619,49,114.818,0,221.0,2661.0,0.083
50,1.15091,8.28087,-4.97506,49,114.818,0,216.0,2661.0,0.081
51,-2.9369099999999997,8.36088,-4.8337900000000005,49,114.818,0,207.0,2661.0,0.078
52,3.4041300000000003,4.32941,-6.43005,33,74.92159000000001,0,19.0,2234.0,0.009
53,-0.92696,4.26998,-6.58351,33,74.92159000000001,0,33.0,2234.0,0.015
54,3.4051699999999996,8.53342,-6.43115,33,74.92159000000001,0,17.0,2234.0,0.008
55,-0.93084,8.59202,-6.5825,33,74.92159000000001,0,25.0,2234.0,0.011
56,3.38608,2.15972,-8.11894,49,114.818,0,15.0,2661.0,0.006
57,-0.88484,2.15972,-8.11894,49,114.818,0,19.0,2661.0,0.007
58,3.38608,6.43064,-8.11894,49,114.818,0,36.0,2661.0,0.014
59,-0.88484,6.43064,-8.11894,49,114.818,0,13.0,2661.0,0.005
60,1.25062,2.15972,-9.62894,33,74.92159000000001,0,0.0,2234.0,0.0
61,-3.02031,2.15972,-9.62894,33,74.92159000000001,0,0.0,2234.0,0.0
62,1.25062,6.43064,-9.62894,33,74.92159000000001,0,8.0,2234.0,0.004
63,-3.02031,6.43064,-9.62894,33,74.92159000000001,0,5.0,2234.0,0.002
64,1.25062,4.29518,-11.13894,49,114.818,0,0.0,2661.0,0.0
65,-3.02031,4.29518,-11.13894,49,114.818,0,0.0,2661.0,0.0
