,x,y,z,Z,m,f,count,sum,perc
0,-0.02426,1.25062,-11.13894,49,114.818,0,0.0,2404.0,0.0
1,-0.02426,-3.02031,-11.13894,49,114.818,0,0.0,2404.0,0.0
2,4.24667,3.38608,-12.64894,33,74.92159000000001,0,0.0,2751.0,0.0
3,4.24667,-0.88484,-12.64894,33,74.92159000000001,0,0.0,2751.0,0.0
4,-0.02426,3.38608,-12.64894,33,74.92159000000001,0,0.0,2751.0,0.0
5,-0.02426,-0.88484,-12.64894,33,74.92159000000001,0,0.0,2751.0,0.0
6,4.19355,2.5124,-0.01183,33,74.92159000000001,0,153.0,2751.0,0.056
7,4.19525,0.00215,-0.009290000000000001,33,74.92159000000001,0,144.0,2751.0,0.052
8,-0.0026899999999999997,2.51093,-0.0043,33,74.92159000000001,0,192.0,2751.0,0.07
9,0.0,0.0,0.0,33,74.92159000000001,0,172.0,2751.0,0.063
10,5.74516,3.25037,-1.99659,49,114.818,0,212.0,2404.0,0.088
11,5.75074,-0.72985,-1.99341,49,114.818,0,219.0,2404.0,0.091
12,2.09353,3.14279,-1.6740599999999999,49,114.818,0,227.0,2404.0,0.094
13,2.09498,-0.63064,-1.6717400000000002,49,114.818,0,217.0,2404.0,0.09
14,6.4985800000000005,1.26156,-3.55016,33,74.92159000000001,0,158.0,2751.0,0.057
15,6.40032,-3.0142599999999997,-3.23081,33,74.92159000000001,0,200.0,2751.0,0.073
16,2.0913,1.25549,-3.55485,33,74.92159000000001,0,189.0,2751.0,0.069
17,2.09687,-3.0127599999999997,-3.05995,33,74.92159000000001,0,230.0,2751.0,0.084
18,4.27083,1.2557200000000002,-5.0533,49,114.818,0,27.0,2404.0,0.011
19,4.18067,-3.01289,-4.80025,49,114.818,0,38.0,2404.0,0.016
20,-0.08437,1.25452,-5.0612900000000005,49,114.818,0,32.0,2404.0,0.013
21,0.00926,-3.01448,-4.79128,49,114.818,0,76.0,2404.0,0.032
22,4.24183,3.45929,-6.52285,33,74.92159000000001,0,171.0,2751.0,0.062
23,4.24298,-0.9476399999999999,-6.52599,33,74.92159000000001,0,175.0,2751.0,0.064
24,-0.024909999999999998,3.4613199999999997,-6.52229,33,74.92159000000001,0,38.0,2751.0,0.014
25,-0.02568,-0.9531799999999999,-6.52572,33,74.92159000000001,0,55.0,2751.0,0.02
26,6.38213,3.38608,-8.11894,49,114.818,0,54.0,2404.0,0.022
27,6.38213,-0.88484,-8.11894,49,114.818,0,58.0,2404.0,0.024
28,2.11121,3.38608,-8.11894,49,114.818,0,0.0,2404.0,0.0
29,2.11121,-0.88484,-8.11894,49,114.818,0,0.0,2404.0,0.0
30,6.38213,1.25062,-9.62894,33,74.92159000000001,0,0.0,2751.0,0.0
31,6.38213,-3.02031,-9.62894,33,74.92159000000001,0,0.0,2751.0,0.0
32,2.11121,1.25062,-9.62894,33,74.92159000000001,0,0.0,2751.0,0.0
33,2.11121,-3.02031,-9.62894,33,74.92159000000001,0,0.0,2751.0,0.0
34,4.24667,1.25062,-11.13894,49,114.818,0,0.0,2404.0,0.0
35,4.24667,-3.02031,-11.13894,49,114.818,0,0.0,2404.0,0.0
36,-8.56611,1.25062,-11.13894,49,114.818,0,0.0,2404.0,0.0
37,-8.56611,-3.02031,-11.13894,49,114.818,0,0.0,2404.0,0.0
38,-4.29518,3.38608,-12.64894,33,74.92159000000001,0,0.0,2751.0,0.0
39,-4.29518,-0.88484,-12.64894,33,74.92159000000001,0,0.0,2751.0,0.0
40,-8.56611,3.38608,-12.64894,33,74.92159000000001,0,0.0,2751.0,0.0
41,-8.56611,-0.88484,-12.64894,33,74.92159000000001,0,0.0,2751.0,0.0
42,-1.5542,3.23657,-1.99302,49,114.818,0,344.0,2404.0,0.143
43,-1.55498,-0.7320399999999999,-1.98446,49,114.818,0,316.0,2404.0,0.131
44,-2.30627,1.2513299999999998,-3.55241,33,74.92159000000001,0,199.0,2751.0,0.072
45,-2.20434,-3.0192900000000003,-3.21728,33,74.92159000000001,0,168.0,2751.0,0.061
46,-6.44902,0.37938,-3.1712700000000003,33,74.92159000000001,0,190.0,2751.0,0.069
47,-6.43562,-2.12929,-3.12741,33,74.92159000000001,0,144.0,2751.0,0.052
48,-4.6157,1.1511200000000001,-4.97326,49,114.818,0,20.0,2404.0,0.008
49,-4.508,-2.93378,-4.83619,49,114.818,0,33.0,2404.0,0.014
50,-8.28087,1.15091,-4.97506,49,114.818,0,242.0,2404.0,0.101
51,-8.36088,-2.9369099999999997,-4.8337900000000005,49,114.818,0,218.0,2404.0,0.091
52,-4.32941,3.4041300000000003,-6.43005,33,74.92159000000001,0,62.0,2751.0,0.023
53,-4.26998,-0.92696,-6.58351,33,74.92159000000001,0,62.0,2751.0,0.023
54,-8.53342,3.4051699999999996,-6.43115,33,74.92159000000001,0,13.0,2751.0,0.005
55,-8.59202,-0.93084,-6.5825,33,74.92159000000001,0,19.0,2751.0,0.007
56,-2.15972,3.38608,-8.11894,49,114.818,0,25.0,2404.0,0.01
57,-2.15972,-0.88484,-8.11894,49,114.818,0,26.0,2404.0,0.011
58,-6.43064,3.38608,-8.11894,49,114.818,0,8.0,2404.0,0.003
59,-6.43064,-0.88484,-8.11894,49,114.818,0,12.0,2404.0,0.005
60,-2.15972,1.25062,-9.62894,33,74.92159000000001,0,0.0,2751.0,0.0
61,-2.15972,-3.02031,-9.62894,33,74.92159000000001,0,0.0,2751.0,0.0
62,-6.43064,1.25062,-9.62894,33,74.92159000000001,0,6.0,2751.0,0.002
63,-6.43064,-3.02031,-9.62894,33,74.92159000000001,0,11.0,2751.0,0.004
64,-4.29518,1.25062,-11.13894,49,114.818,0,0.0,2404.0,0.0
65,-4.29518,-3.02031,-11.13894,49,114.818,0,0.0,2404.0,0.0
