,x,y,z,Z,m,f,count,sum,perc
0,-4.2659,-2.2775,0.0,33,74.92159000000001,0,214.0,2098.0,0.102
1,-4.25654,2.24968,-0.01013,33,74.92159000000001,0,203.0,2098.0,0.097
2,-0.014219999999999998,-2.2743,-0.00589,33,74.92159000000001,0,172.0,2098.0,0.082
3,-0.01541,2.24689,-0.0137,33,74.92159000000001,0,154.0,2098.0,0.073
4,-4.27514,-8.55219,0.40268000000000004,49,114.818,0,328.0,3184.0,0.103
5,-0.00585,-8.55219,0.40268000000000004,49,114.818,0,315.0,3184.0,0.099
6,-2.1386700000000003,-3.91204,-0.51458,49,114.818,0,258.0,3184.0,0.081
7,-2.1322200000000002,-0.00643,-1.03772,49,114.818,0,489.0,3184.0,0.154
8,-2.13517,3.8847400000000003,-0.54204,49,114.818,0,261.0,3184.0,0.082
9,2.12989,-4.00769,-0.18183,49,114.818,0,275.0,3184.0,0.086
10,2.1376,0.0,0.40268000000000004,49,114.818,0,368.0,3184.0,0.116
11,2.13386,3.9762199999999996,-0.19068,49,114.818,0,273.0,3184.0,0.086
12,-2.1383099999999997,-6.50924,-0.7742100000000001,33,74.92159000000001,0,172.0,2098.0,0.082
13,-2.13707,6.4810099999999995,-0.78036,33,74.92159000000001,0,172.0,2098.0,0.082
14,2.13292,-6.57118,-0.71185,33,74.92159000000001,0,197.0,2098.0,0.094
15,2.13463,6.5415,-0.70977,33,74.92159000000001,0,167.0,2098.0,0.08
16,-4.299119999999999,-6.4436,-2.3765,49,114.818,0,83.0,3184.0,0.026
17,0.60482,-2.2124099999999998,-2.66398,49,114.818,0,68.0,3184.0,0.021
18,0.61148,2.1789099999999997,-2.67024,49,114.818,0,66.0,3184.0,0.021
19,-4.30086,6.41427,-2.3802,49,114.818,0,86.0,3184.0,0.027
20,0.023569999999999997,-6.44508,-2.37532,49,114.818,0,94.0,3184.0,0.03
21,3.65513,-2.2092099999999997,-2.65804,49,114.818,0,44.0,3184.0,0.014
22,3.6524300000000003,2.1769700000000003,-2.6657900000000003,49,114.818,0,38.0,3184.0,0.012
23,0.02808,6.4168199999999995,-2.37758,49,114.818,0,89.0,3184.0,0.028
24,-4.27514,-8.55255,-4.07209,33,74.92159000000001,0,0.0,2098.0,0.0
25,-4.27891,-4.34971,-4.10405,33,74.92159000000001,0,57.0,2098.0,0.027
26,-4.25496,-0.01771,-4.02161,33,74.92159000000001,0,26.0,2098.0,0.012
27,-4.27773,4.32017,-4.10504,33,74.92159000000001,0,64.0,2098.0,0.031
28,-0.00585,-8.55219,-4.07298,33,74.92159000000001,0,0.0,2098.0,0.0
29,-0.00023999999999999998,-4.35425,-4.10647,33,74.92159000000001,0,77.0,2098.0,0.037
30,-0.02539,-0.0177,-4.0242,33,74.92159000000001,0,251.0,2098.0,0.12
31,0.0,4.32357,-4.10599,33,74.92159000000001,0,91.0,2098.0,0.043
32,-2.14033,-8.55383,-5.69805,49,114.818,0,23.0,3184.0,0.007
33,-2.14033,-4.28291,-5.69805,49,114.818,0,0.0,3184.0,0.0
34,-2.14033,-0.01198,-5.69805,49,114.818,0,0.0,3184.0,0.0
35,-2.14033,4.25895,-5.69805,49,114.818,0,0.0,3184.0,0.0
36,2.1306,-8.55383,-5.69805,49,114.818,0,26.0,3184.0,0.008
37,2.1306,-4.28291,-5.69805,49,114.818,0,0.0,3184.0,0.0
38,2.1306,-0.01198,-5.69805,49,114.818,0,0.0,3184.0,0.0
39,2.1306,4.25895,-5.69805,49,114.818,0,0.0,3184.0,0.0
40,-2.14033,-6.4183699999999995,-7.20805,33,74.92159000000001,0,0.0,2098.0,0.0
41,-2.14033,-2.14744,-7.20805,33,74.92159000000001,0,33.0,2098.0,0.016
42,-2.14033,2.12348,-7.20805,33,74.92159000000001,0,26.0,2098.0,0.012
43,-2.14033,6.39441,-7.20805,33,74.92159000000001,0,0.0,2098.0,0.0
44,2.1306,-6.4183699999999995,-7.20805,33,74.92159000000001,0,0.0,2098.0,0.0
45,2.1306,-2.14744,-7.20805,33,74.92159000000001,0,10.0,2098.0,0.005
46,2.1306,2.12348,-7.20805,33,74.92159000000001,0,12.0,2098.0,0.006
47,2.1306,6.39441,-7.20805,33,74.92159000000001,0,0.0,2098.0,0.0
48,-4.27579,-6.4183699999999995,-8.71805,49,114.818,0,0.0,3184.0,0.0
49,-4.27579,-2.14744,-8.71805,49,114.818,0,0.0,3184.0,0.0
50,-4.27579,2.12348,-8.71805,49,114.818,0,0.0,3184.0,0.0
51,-4.27579,6.39441,-8.71805,49,114.818,0,0.0,3184.0,0.0
52,-0.00487,-6.4183699999999995,-8.71805,49,114.818,0,0.0,3184.0,0.0
53,-0.00487,-2.14744,-8.71805,49,114.818,0,0.0,3184.0,0.0
54,-0.00487,2.12348,-8.71805,49,114.818,0,0.0,3184.0,0.0
55,-0.00487,6.39441,-8.71805,49,114.818,0,0.0,3184.0,0.0
56,-4.27579,-8.55383,-10.22805,33,74.92159000000001,0,0.0,2098.0,0.0
57,-4.27579,-4.28291,-10.22805,33,74.92159000000001,0,0.0,2098.0,0.0
58,-4.27579,-0.01198,-10.22805,33,74.92159000000001,0,0.0,2098.0,0.0
59,-4.27579,4.25895,-10.22805,33,74.92159000000001,0,0.0,2098.0,0.0
60,-0.00487,-8.55383,-10.22805,33,74.92159000000001,0,0.0,2098.0,0.0
61,-0.00487,-4.28291,-10.22805,33,74.92159000000001,0,0.0,2098.0,0.0
62,-0.00487,-0.01198,-10.22805,33,74.92159000000001,0,0.0,2098.0,0.0
63,-0.00487,4.25895,-10.22805,33,74.92159000000001,0,0.0,2098.0,0.0
