,x,y,z,Z,m,f,count,sum,perc
0,2.2775,-4.2659,0.0,33,74.92159000000001,0,191.0,2453.0,0.078
1,-2.24968,-4.25654,-0.01013,33,74.92159000000001,0,229.0,2453.0,0.093
2,2.2743,-0.014219999999999998,-0.00589,33,74.92159000000001,0,205.0,2453.0,0.084
3,-2.24689,-0.01541,-0.0137,33,74.92159000000001,0,222.0,2453.0,0.091
4,8.55219,-4.27514,0.40268000000000004,49,114.818,0,311.0,3983.0,0.078
5,8.55219,-0.00585,0.40268000000000004,49,114.818,0,352.0,3983.0,0.088
6,3.91204,-2.1386700000000003,-0.51458,49,114.818,0,310.0,3983.0,0.078
7,0.00643,-2.1322200000000002,-1.03772,49,114.818,0,346.0,3983.0,0.087
8,-3.8847400000000003,-2.13517,-0.54204,49,114.818,0,326.0,3983.0,0.082
9,4.00769,2.12989,-0.18183,49,114.818,0,276.0,3983.0,0.069
10,0.0,2.1376,0.40268000000000004,49,114.818,0,275.0,3983.0,0.069
11,-3.9762199999999996,2.13386,-0.19068,49,114.818,0,291.0,3983.0,0.073
12,6.50924,-2.1383099999999997,-0.7742100000000001,33,74.92159000000001,0,314.0,2453.0,0.128
13,-6.4810099999999995,-2.13707,-0.78036,33,74.92159000000001,0,370.0,2453.0,0.151
14,6.57118,2.13292,-0.71185,33,74.92159000000001,0,237.0,2453.0,0.097
15,-6.5415,2.13463,-0.70977,33,74.92159000000001,0,272.0,2453.0,0.111
16,6.4436,-4.299119999999999,-2.3765,49,114.818,0,243.0,3983.0,0.061
17,2.2124099999999998,0.60482,-2.66398,49,114.818,0,107.0,3983.0,0.027
18,-2.1789099999999997,0.61148,-2.67024,49,114.818,0,90.0,3983.0,0.023
19,-6.41427,-4.30086,-2.3802,49,114.818,0,122.0,3983.0,0.031
20,6.44508,0.023569999999999997,-2.37532,49,114.818,0,283.0,3983.0,0.071
21,2.2092099999999997,3.65513,-2.65804,49,114.818,0,98.0,3983.0,0.025
22,-2.1769700000000003,3.6524300000000003,-2.6657900000000003,49,114.818,0,62.0,3983.0,0.016
23,-6.4168199999999995,0.02808,-2.37758,49,114.818,0,129.0,3983.0,0.032
24,8.55255,-4.27514,-4.07209,33,74.92159000000001,0,0.0,2453.0,0.0
25,4.34971,-4.27891,-4.10405,33,74.92159000000001,0,25.0,2453.0,0.01
26,0.01771,-4.25496,-4.02161,33,74.92159000000001,0,111.0,2453.0,0.045
27,-4.32017,-4.27773,-4.10504,33,74.92159000000001,0,39.0,2453.0,0.016
28,8.55219,-0.00585,-4.07298,33,74.92159000000001,0,0.0,2453.0,0.0
29,4.35425,-0.00023999999999999998,-4.10647,33,74.92159000000001,0,33.0,2453.0,0.013
30,0.0177,-0.02539,-4.0242,33,74.92159000000001,0,83.0,2453.0,0.034
31,-4.32357,0.0,-4.10599,33,74.92159000000001,0,49.0,2453.0,0.02
32,8.55383,-2.14033,-5.69805,49,114.818,0,299.0,3983.0,0.075
33,4.28291,-2.14033,-5.69805,49,114.818,0,0.0,3983.0,0.0
34,0.01198,-2.14033,-5.69805,49,114.818,0,0.0,3983.0,0.0
35,-4.25895,-2.14033,-5.69805,49,114.818,0,0.0,3983.0,0.0
36,8.55383,2.1306,-5.69805,49,114.818,0,63.0,3983.0,0.016
37,4.28291,2.1306,-5.69805,49,114.818,0,0.0,3983.0,0.0
38,0.01198,2.1306,-5.69805,49,114.818,0,0.0,3983.0,0.0
39,-4.25895,2.1306,-5.69805,49,114.818,0,0.0,3983.0,0.0
40,6.4183699999999995,-2.14033,-7.20805,33,74.92159000000001,0,0.0,2453.0,0.0
41,2.14744,-2.14033,-7.20805,33,74.92159000000001,0,20.0,2453.0,0.008
42,-2.12348,-2.14033,-7.20805,33,74.92159000000001,0,8.0,2453.0,0.003
43,-6.39441,-2.14033,-7.20805,33,74.92159000000001,0,0.0,2453.0,0.0
44,6.4183699999999995,2.1306,-7.20805,33,74.92159000000001,0,0.0,2453.0,0.0
45,2.14744,2.1306,-7.20805,33,74.92159000000001,0,31.0,2453.0,0.013
46,-2.12348,2.1306,-7.20805,33,74.92159000000001,0,14.0,2453.0,0.006
47,-6.39441,2.1306,-7.20805,33,74.92159000000001,0,0.0,2453.0,0.0
48,6.4183699999999995,-4.27579,-8.71805,49,114.818,0,0.0,3983.0,0.0
49,2.14744,-4.27579,-8.71805,49,114.818,0,0.0,3983.0,0.0
50,-2.12348,-4.27579,-8.71805,49,114.818,0,0.0,3983.0,0.0
51,-6.39441,-4.27579,-8.71805,49,114.818,0,0.0,3983.0,0.0
52,6.4183699999999995,-0.00487,-8.71805,49,114.818,0,0.0,3983.0,0.0
53,2.14744,-0.00487,-8.71805,49,114.818,0,0.0,3983.0,0.0
54,-2.12348,-0.00487,-8.71805,49,114.818,0,0.0,3983.0,0.0
55,-6.39441,-0.00487,-8.71805,49,114.818,0,0.0,3983.0,0.0
56,8.55383,-4.27579,-10.22805,33,74.92159000000001,0,0.0,2453.0,0.0
57,4.28291,-4.27579,-10.22805,33,74.92159000000001,0,0.0,2453.0,0.0
58,0.01198,-4.27579,-10.22805,33,74.92159000000001,0,0.0,2453.0,0.0
59,-4.25895,-4.27579,-10.22805,33,74.92159000000001,0,0.0,2453.0,0.0
60,8.55383,-0.00487,-10.22805,33,74.92159000000001,0,0.0,2453.0,0.0
61,4.28291,-0.00487,-10.22805,33,74.92159000000001,0,0.0,2453.0,0.0
62,0.01198,-0.00487,-10.22805,33,74.92159000000001,0,0.0,2453.0,0.0
63,-4.25895,-0.00487,-10.22805,33,74.92159000000001,0,0.0,2453.0,0.0
